{
 "cells": [
  {
   "cell_type": "code",
   "execution_count": 20,
   "metadata": {},
   "outputs": [],
   "source": [
    "import pandas as pd\n",
    "import numpy as np\n",
    "import seaborn as sns\n",
    "import matplotlib.pyplot as plt\n",
    "from sklearn.decomposition import PCA\n",
    "from sklearn.preprocessing import StandardScaler\n",
    "%matplotlib inline"
   ]
  },
  {
   "cell_type": "code",
   "execution_count": 22,
   "metadata": {},
   "outputs": [],
   "source": [
    "BD_dec = pd.read_csv(\"../Banco/decathlon(1).csv\",  index_col=0)"
   ]
  },
  {
   "cell_type": "code",
   "execution_count": 23,
   "metadata": {},
   "outputs": [],
   "source": [
    "#Ficamos apenas com as variaveis de interesse\n",
    "BD_dec_red = BD_dec.drop(['Rank', 'Points', 'Competition'], axis=1)"
   ]
  },
  {
   "cell_type": "markdown",
   "metadata": {},
   "source": [
    "## Matrix X e matriz de covariancia"
   ]
  },
  {
   "cell_type": "code",
   "execution_count": 29,
   "metadata": {},
   "outputs": [
    {
     "name": "stdout",
     "output_type": "stream",
     "text": [
      "Matriz X:\n",
      "[[ 11.04   7.58  14.83   2.07  49.81  14.69  43.75   5.02  63.19 291.7 ]\n",
      " [ 10.76   7.4   14.26   1.86  49.37  14.05  50.72   4.92  60.15 301.5 ]\n",
      " [ 11.02   7.3   14.77   2.04  48.37  14.09  48.95   4.92  50.31 300.2 ]\n",
      " [ 11.02   7.23  14.25   1.92  48.93  14.99  40.87   5.32  62.77 280.1 ]\n",
      " [ 11.34   7.09  15.19   2.1   50.42  15.31  46.26   4.72  63.44 276.4 ]\n",
      " [ 11.11   7.6   14.31   1.98  48.68  14.23  41.1    4.92  51.77 278.1 ]\n",
      " [ 11.13   7.3   13.48   2.01  48.62  14.17  45.67   4.42  55.37 268.  ]\n",
      " [ 10.83   7.31  13.76   2.13  49.91  14.38  44.41   4.42  56.37 285.1 ]\n",
      " [ 11.64   6.81  14.57   1.95  50.14  14.93  47.6    4.92  52.33 262.1 ]\n",
      " [ 11.37   7.56  14.41   1.86  51.1   15.06  44.99   4.82  57.19 285.1 ]\n",
      " [ 11.33   6.97  14.09   1.95  49.48  14.48  42.1    4.72  55.4  282.  ]\n",
      " [ 11.33   7.27  12.68   1.98  49.2   15.29  37.92   4.62  57.44 266.6 ]\n",
      " [ 11.36   6.8   13.46   1.86  51.16  15.67  40.49   5.02  54.68 291.7 ]\n",
      " [ 10.85   7.84  16.36   2.12  48.36  14.05  48.72   5.    70.52 280.01]\n",
      " [ 10.44   7.96  15.23   2.06  49.19  14.13  50.11   4.9   69.71 282.  ]\n",
      " [ 10.5    7.81  15.93   2.09  46.81  13.97  51.65   4.6   55.54 278.11]\n",
      " [ 10.89   7.47  15.73   2.15  48.97  14.56  48.34   4.4   58.46 265.42]\n",
      " [ 10.62   7.74  14.48   1.97  47.97  14.01  43.73   4.9   55.39 278.05]\n",
      " [ 10.91   7.14  15.31   2.12  49.4   14.95  45.62   4.7   63.45 269.54]\n",
      " [ 10.97   7.19  14.65   2.03  48.73  14.25  44.72   4.8   57.76 264.35]\n",
      " [ 10.8    7.53  14.26   1.88  48.81  14.8   42.05   5.4   61.33 276.33]\n",
      " [ 10.69   7.48  14.8    2.12  49.13  14.17  44.75   4.4   55.27 276.31]\n",
      " [ 10.98   7.49  14.01   1.94  49.76  14.25  42.43   5.1   56.32 273.56]\n",
      " [ 10.95   7.31  15.1    2.06  50.79  14.21  44.6    5.    53.45 287.63]\n",
      " [ 10.9    7.3   14.77   1.88  50.3   14.34  44.41   5.    60.89 278.82]\n",
      " [ 11.14   6.99  14.91   1.94  49.41  14.37  44.83   4.6   64.55 267.09]\n",
      " [ 10.85   6.81  15.24   1.91  49.27  14.01  49.02   4.2   61.52 272.74]\n",
      " [ 10.55   7.34  14.44   1.94  49.72  14.39  39.88   4.8   54.51 271.02]\n",
      " [ 10.68   7.5   14.97   1.94  49.12  15.01  40.35   4.6   59.26 275.71]\n",
      " [ 10.89   7.07  13.88   1.94  49.11  14.77  42.47   4.7   60.88 263.31]\n",
      " [ 11.06   7.34  13.55   1.97  49.65  14.78  45.13   4.5   60.79 272.63]\n",
      " [ 10.87   7.38  13.07   1.88  48.51  14.01  40.11   5.    51.53 274.21]\n",
      " [ 11.14   6.61  15.69   2.03  51.04  14.88  41.9    4.8   65.82 277.94]\n",
      " [ 10.92   6.94  15.15   1.94  49.56  15.12  45.62   5.3   50.62 290.36]\n",
      " [ 11.08   7.26  14.57   1.85  48.61  14.41  40.95   4.4   60.71 269.7 ]\n",
      " [ 11.08   6.91  13.62   2.03  51.67  14.26  39.83   4.8   59.34 290.01]\n",
      " [ 11.1    7.03  13.22   1.85  49.34  15.38  40.22   4.5   58.36 263.08]\n",
      " [ 11.33   7.26  13.3    1.97  50.54  14.98  43.34   4.5   52.92 278.67]\n",
      " [ 10.86   7.07  14.81   1.94  51.16  14.96  46.07   4.7   53.05 317.  ]\n",
      " [ 11.23   6.99  13.53   1.85  50.95  15.09  43.01   4.5   60.   281.7 ]\n",
      " [ 11.36   6.68  14.92   1.94  53.2   15.39  48.66   4.4   58.62 296.12]]\n",
      "Matriz de Covariância:\n",
      "[[ 6.91810976e-02 -4.98225000e-02 -7.73008537e-02 -5.76134146e-03\n",
      "   1.57850183e-01  7.19592073e-02 -1.96976280e-01 -6.03512195e-03\n",
      "  -2.00269329e-01 -1.85897744e-01]\n",
      " [-4.98225000e-02  1.00110000e-01  4.78150000e-02  8.29250000e-03\n",
      "  -2.19725000e-01 -7.54450000e-02  2.07670000e-01  1.79450000e-02\n",
      "   1.82897500e-01 -1.24417500e-01]\n",
      " [-7.73008537e-02  4.78150000e-02  6.79681220e-01  3.58754878e-02\n",
      "  -1.31640976e-01 -9.78674390e-02  1.71478433e+00  1.40223171e-02\n",
      "   1.49208476e+00  1.11445963e+00]\n",
      " [-5.76134146e-03  8.29250000e-03  3.58754878e-02  7.91219512e-03\n",
      "  -1.92843902e-02 -1.18884756e-02  1.10935732e-01 -3.86207317e-03\n",
      "   7.37964024e-02 -4.66241463e-02]\n",
      " [ 1.57850183e-01 -2.19725000e-01 -1.31640976e-01 -1.92843902e-02\n",
      "   1.33044878e+00  2.98206951e-01 -4.59278963e-01 -2.54258537e-02\n",
      "   2.35621951e-02  5.49495579e+00]\n",
      " [ 7.19592073e-02 -7.54450000e-02 -9.78674390e-02 -1.18884756e-02\n",
      "   2.98206951e-01  2.22584878e-01 -5.19843659e-01 -3.54634146e-04\n",
      "   1.99104878e-02  2.06745732e-01]\n",
      " [-1.96976280e-01  2.07670000e-01  1.71478433e+00  1.10935732e-01\n",
      "  -4.59278963e-01 -5.19843659e-01  1.14098352e+01 -1.40924024e-01\n",
      "   2.57427463e+00  1.01799520e+01]\n",
      " [-6.03512195e-03  1.79450000e-02  1.40223171e-02 -3.86207317e-03\n",
      "  -2.54258537e-02 -3.54634146e-04 -1.40924024e-01  7.72839024e-02\n",
      "  -4.02564634e-02  8.03007805e-01]\n",
      " [-2.00269329e-01  1.82897500e-01  1.49208476e+00  7.37964024e-02\n",
      "   2.35621951e-02  1.99104878e-02  2.57427463e+00 -4.02564634e-02\n",
      "   2.32981930e+01 -1.01641904e+01]\n",
      " [-1.85897744e-01 -1.24417500e-01  1.11445963e+00 -4.66241463e-02\n",
      "   5.49495579e+00  2.06745732e-01  1.01799520e+01  8.03007805e-01\n",
      "  -1.01641904e+01  1.36264701e+02]]\n"
     ]
    }
   ],
   "source": [
    "X = np.matrix(BD_dec.iloc[:,0:10]) #outro modo de extrair as 10 primeiras colunas do banco de dados\n",
    "print(\"Matriz X:\")\n",
    "print(X)\n",
    "S = np.cov(np.transpose(X))\n",
    "print(\"Matriz de Covariância:\")\n",
    "print(S)"
   ]
  },
  {
   "cell_type": "markdown",
   "metadata": {},
   "source": [
    "# Componentes principais"
   ]
  },
  {
   "cell_type": "code",
   "execution_count": 32,
   "metadata": {},
   "outputs": [
    {
     "data": {
      "text/plain": [
       "array([[ 1.21268985e+01,  5.31924548e+00, -3.01158938e+00],\n",
       "       [ 2.26340062e+01,  4.81860306e+00,  3.47084930e+00],\n",
       "       [ 2.20160089e+01, -5.12656310e+00,  4.72748179e+00],\n",
       "       [ 3.89697006e-01,  3.37695640e+00, -4.53039879e+00],\n",
       "       [-2.85674567e+00,  5.32450428e+00,  6.44553700e-01],\n",
       "       [-6.44908091e-01, -7.20789283e+00, -1.09038567e+00],\n",
       "       [-1.06333738e+01, -3.22716136e+00,  3.10727244e+00],\n",
       "       [ 6.20661877e+00, -1.52583169e+00, -6.33039005e-02],\n",
       "       [-1.60043980e+01, -5.88829246e+00,  6.17694601e+00],\n",
       "       [ 6.23593762e+00, -5.26675947e-01,  1.54033000e-01],\n",
       "       [ 3.02078327e+00, -3.24747975e+00, -1.62839410e+00],\n",
       "       [-1.27855615e+01, -3.47326867e+00, -4.85246828e+00],\n",
       "       [ 1.26483852e+01, -3.82298552e+00, -4.20607978e+00],\n",
       "       [ 2.36801660e-01,  1.30809090e+01,  1.19871165e+00],\n",
       "       [ 2.41331094e+00,  1.27145008e+01,  2.31142462e+00],\n",
       "       [-1.99697347e-01, -6.44891813e-01,  8.28520240e+00],\n",
       "       [-1.32189425e+01,  4.88026795e-01,  5.25698900e+00],\n",
       "       [-8.27395628e-01, -3.02556964e+00,  5.48326725e-01],\n",
       "       [-9.75485750e+00,  4.75280186e+00,  8.39476950e-01],\n",
       "       [-1.45187557e+01, -1.31322258e+00,  2.03221086e+00],\n",
       "       [-3.14043645e+00,  2.08960988e+00, -2.64856433e+00],\n",
       "       [-2.41848499e+00, -2.93778773e+00,  1.60567045e+00],\n",
       "       [-5.39624643e+00, -2.78650548e+00, -7.96373958e-01],\n",
       "       [ 9.03175138e+00, -3.99540833e+00,  7.19350221e-01],\n",
       "       [-3.87383195e-01,  2.50846232e+00, -6.20339394e-01],\n",
       "       [-1.23465666e+01,  5.40987645e+00,  7.10545545e-03],\n",
       "       [-6.15768388e+00,  4.00281722e+00,  4.32244077e+00],\n",
       "       [-7.95901967e+00, -5.31681021e+00, -2.41898993e+00],\n",
       "       [-3.69641483e+00, -3.19961681e-01, -3.58211832e+00],\n",
       "       [-1.59851321e+01,  9.44485635e-01, -9.92286625e-01],\n",
       "       [-6.50381851e+00,  2.11485948e+00,  5.71792593e-01],\n",
       "       [-4.57785184e+00, -8.04600405e+00, -1.71790919e+00],\n",
       "       [-1.84344706e+00,  6.58005177e+00, -4.23692968e+00],\n",
       "       [ 1.20187493e+01, -6.28303760e+00,  2.26307912e+00],\n",
       "       [-9.76423081e+00,  8.19932226e-01, -2.80721078e+00],\n",
       "       [ 1.05379082e+01,  3.91182819e-01, -5.86204808e+00],\n",
       "       [-1.61688621e+01, -2.14455443e+00, -2.55901809e+00],\n",
       "       [ 6.04896241e-02, -5.55027983e+00,  2.77650969e-01],\n",
       "       [ 3.83396405e+01, -2.22394516e+00, -6.50283708e-01],\n",
       "       [ 2.45190186e+00,  1.34737456e+00, -2.24028500e+00],\n",
       "       [ 1.74213252e+01,  2.54992987e+00,  1.99440897e+00]])"
      ]
     },
     "execution_count": 32,
     "metadata": {},
     "output_type": "execute_result"
    }
   ],
   "source": [
    "pca_decathon=PCA(n_components=3)\n",
    "\n",
    "pca_decathon.fit(np.asarray(X))\n",
    "pca_decathon.transform(np.asarray(X))"
   ]
  }
 ],
 "metadata": {
  "kernelspec": {
   "display_name": "Python 3",
   "language": "python",
   "name": "python3"
  },
  "language_info": {
   "codemirror_mode": {
    "name": "ipython",
    "version": 3
   },
   "file_extension": ".py",
   "mimetype": "text/x-python",
   "name": "python",
   "nbconvert_exporter": "python",
   "pygments_lexer": "ipython3",
   "version": "3.10.12"
  },
  "orig_nbformat": 4
 },
 "nbformat": 4,
 "nbformat_minor": 2
}
